11
25
249,782
722
763
761,781,783
783
487,489
8,18
8,16
8,17
130
9
759
2
4
1
12,25
12
31
8,15
247,782
246,247,782
53,1
52
10
113
33
761
760
762
1,33
37
28,55
35
34
51
32
36
1,32
30,55
31,55
42
1,42
487,488
52,54
19
764
43
782
1,43
44
1,44
250,272,782
251,272,782
252,272,782
45
253,272,782
1,45
46
255,272,782
254,272,782
1,46
259,272,782
258,272,782
257,272,782
256,272,782
260,272,782
261,272,782
263,272,782
262,272,782
265,272,782
5
267,272,782
266,272,782
269,272,782
268,272,782
6
271,272,782
270,272,782
1,47
47
14,47
50
49
48
1,48
13
997
64
63
60
26
7,82
22,29
23
1,22,29
26,29
27,23
7,22,82,90
65
21,62
61
82
124,131
81,782
188,200,201,782
56,62
145
273
114,124,131
76,146
78,148
148
114
149
150
79,149
147
146
151
77,147
79,150
78,151
98
189,200,201,782
117
20
7,22,82
118
116
190,200,201,782
191,200,201,782
153
140
78,160
57,62
79,158
155
141
156
76,141
77,156
115
154
79,159
76,155
144
79,144
77,142
143
78,143
142
160
78,157
159
158
157
70,62
7,22,82,116
82,116
116,131
131
125
58,59,62
193,200,201,782
152,153
126
152,156
152,160
152,158
152,159
78,152,156
152,157
152,155
152,154
192,200,201,782
83
69,62
77
76
78
79
122,782
999,119,123
999
999,119,123,782
72
120,122,782
121,122,782
194,200,201,782
89
86
195,200,202,782
62,71
74,75,131,782
196,200,202,782
127,758,782
75,131,782
139
138
197,200,202,782
758,782
84,131,782
199,200,202,782
85,131,782
198,200,202,782
137
96,97
91,95
96
91
88
87
62,67
68,131
62,67,73
80
80,82
62,67,73,93
161
163
162
62,94,93
62,94
1,172
86,172
82,172
172
80,164
164
167
176
171
165
166
169
168
170
173
80,176
112
176,131
174
175
78,174
79,174
77,174
76,174
78,175
76,175
79,175
77,175
62,99,93,210
112,131
1,131
755,1
86,131
86,107,131
82,107,131
722,782
107,131
82,131
203,782
68,105,131
1,109,131
86,109,131
109,131
82,109,131
68,107,131
108,131
79,109,131
106,131
109
68,109,131
78,109,131
77,109,131
80,104,131
110,131
104,131
86,110,131
68,104,131
68,110,131
103,131
78,131
79,131
76,131
68,103,131
77,131
774
98,131
367
589
772
62,99,93,131,210
773
86,111,131
82,111,131
68,111,131
585,586
101,131
585,587
245
211
68,100,131
102,131
68,129,131
68,102,131
86,129,131
100,131
129,131
244
177,211,782
177,211
588
204
211,215,782
1,177,211
211,215
102,131,1
1,211
211,782
342,177,211,782
211,234
206,207
206,209
178,211
211,343,782
179,211
1,179,211
179,211,782
1,181,211
181,211
181,211,782
227,228
1,180,211
180,211,782
185,211
134,1
180,211
134
182,211
205,211,782
221,222,223
135,1
135
1,211,216
220,222,223
211,216
219,222,223
211,216,782
211,217
222,223
1,211,217
185,211,782
1,185,211
211,217,782
211,235
220,222,224
221,222,224
1,211,230
211,230
211,230,782
219,222,224
222,224
184,211,217
211,183,230,782
211,236
183,211,230
211,184,217,782
344,230,782
227,229
211,233
998,997,1,211
998,997,211
998,997,1,211,230
211,218,782
1,211,218
211,218
211,226,782
997,211
997,211,233
211,226
344,782
233
997,233
997,211,230
230
230,782
225
237
205,782
1,225
278
232
278,782
1,232
232,782
276
277
277,782
276,782
1,277
275
1,275
274,782
345,277,782
275,782
274
291
280
281
284
281,782
282
279
279,782
1,279
291,782
283
1,283
186
289
289,782
283,782
285
290
286,288
290,782
1,288
288
287,782
287
1,287
288,782
286,288,1
1,293
293
1,292
292
292,782
293,782
294
187
297
295
295,782
297,782
227
1,296
296
296,782
301
301,782
1,298
298
997,298
298,782
302
1,302
302,782
1,299
299
299,782
306
303
231,299
300
304,782
300,782
304
300,1
305
1,304
307
307,782
308
308,782
309
311
1,310
310
310,782
997,310
312
1,312
997,312
312,782
313,782
314
313
1,314
314,782
238
316
315
315,782
1,317
317
317,782
1,316
996
319
1,320
320
318
321
320,782
318,782
1,318
321,782
1,319
319,782
240
239,242,243
241
322
1,322
323
1,323
239,242
409,411
408,782
346
387,388
386,388
359
324
347
368,369
370
369,782
370,782
368,369,782
385,388
324,373
369
325
326
371,782
335,336,358,782
327
328
389,782
389
329
330
372,782
459,782
337,338,358,782
331
332
336,339,358,782
334
333
324,369
324,370
336,341,358,782
340,338,358,782
994
336,348,358,782
410,411
336,351,358,782
369,374
1,374
374,782
336,350,358,782
371,374,782
382
382,782
336,352,358,782
336,353,358,782
1,376
375,782
1,375
375
380
1,380
381,782
380,782
336,355,358,782
338,349,358,782
376,782
376
381
324,398
398,782
398
1,377
377
377,782
1,378
378,782
378
379
338,354,358,782
356,365,782
399
1,400
400,412
400
399,782
400,782
357,365,366,782
401
1,401
402,782
401,782
404
402
403
1,403
403,782
407
384
407,782
324,407
383
405
336,358,362,782
384,782
413
413,782
406
406,782
383,782
1,383
1,424
414,424
424
424,782
416,782
363,358,336,782
415,782
415
417,782
425,782
417
1,425
425
1,418
418
418,782
420
420,782
419
419,782
423
421
1,421
426
426,782
422,782
431
429,782
428,782
428
1,429
1,428
429
1,427
427
427,782
358,364,782
431,782
432
1,431
432,782
430,431
438,782
438
1,438
437
437,782
433
324,433
360,365,782
433,782
434
435
324,434
324,435
434,782
435,782
361,365,782
436
324,436
436,782
440
439
1,439
1,440
440,782
444
441,782
441
443,782
442
445
442,782
443
1,443
447
446,459
459
446,459,782
1,459
389,459
389,459,782
1,448,459
448,459,782
448,459
324,459
997,459
577
451,459
449,459
451,459,782
449,459,782
1,451,459
453,459
453,459,782
450,459,782
450,459
452,453,459
452,453,459,782
584
583
544,546
546,551
543,546
546,547
545,546
395
465,467,475,476,477,478
473,474
465,467,481,482,483
465,467,482,483
465,467,477,478
465,467,480,481,482,483
465,467,469,478
465,467,476,477,478
465,467,469,482
460
460,578
1,496
460,782
472,496,782
496
579,460
580,582
1,460
552,576
456,498
552,576,782
470
396,456,498,782
1,497
497
472,497,782
1,456
553,576,782
553,576
456,457,498
396,456,457,498,782
499
474
472,499,782
1,456,457
1,499
554,576
554,576,782
458,456,498
555,576
555,576,782
1,508
508
472,508,782
500
1,500
472,500,782
1,501
472,501,782
501
503
1,502
502
472,502,782
457,498
1,457
557,576
557,576,782
556,576
556,576,782
396,456,782
558,576,782
559,576
558,576
559,576,782
456
1,504
560,576,782
504
1,506
472,504,782
472,505,782
560,576
505
1,505
506
456,457,454,498
1,456,457,454
396,456,457,454,498,782
561,576,782
561,576
1,509
472,506,782
581,582
507
509
1,511
472,509,782
511
472,511,782
549,550,782
548,550,782
1,510
510
472,510,782
1,512
472,512,782
512
466,467,475,476,477,478
1,513
513
562
562,782
1,562
472,513,782
466,467,481,482,483
466,467,480,481,482,483
466,467,476,477,478
466,467,469,478
466,467,477,478
466,467,469,482
466,467,482,483
1,515
515
563
1,563
563,782
472,515,782
514
472,514,782
516
1,516
1,514
472,516,782
472,519,782
1,519
519
456,457,1,498
472,518,782
1,518
518
517
472,517,782
1,517
456,457,397,461,498
564,576
564,576,782
565,576
565,576,782
1,520
472,520,782
1,521
520
472,521,782
521
566,782
566
1,566
567,782
567
1,567
568,576,782
471
568,576
1,456,454
456,454,498
456,396,454,498,782
569,576,782
523
569,576
1,523
522
472,522,782
472,523,782
1,522
1,524
525
524
472,524,782
472,525,782
1,525
526
1,526
472,526,782
570,576
570,576,782
527
472,527,782
1,527
1,529
529
472,529,782
454,498
1,528
472,528,782
528
396,454,498,782
571,576
571,576,782
1,454
572,576
572,576,782
1,531
531
472,531,782
472,530,782
530
1,530
1,533
472,533,782
533
1,532
534
532
472,532,782
472,534,782
1,534
992
573,576,782
573,576
1,535
472,535,782
535
1,536
472,536,782
536
574,576,782
574,576
537
1,537
472,538,782
538
1,538
1,539,593,595
539,593,595
472,539,593,595,782
600,782
594,595,1
601,782
540,596
749,753,754
1,540,596
754
541,590,592
750,752,754
575,576,782
771
575,576
602,782
456,454,498,610
756
591,592,1
396,456,454,498,610,782
757
542,597,599
598,599,1
766
765
606
606,609,782
492,491
493,494
1,606
1,493,495
490,492,1
750,751,752,754
748,749,753,754
1,607
603,782
607,609,782
623
454,456,498,612
607
396,454,456,498,612,782
609,623,782
608
1,608
456,454,498,611
609,628,782
770
608,609,782
628
396,456,454,498,611,782
1,456,454,611
621
609,621,782
609,629,782
629
609,613,782
614
1,614
613
609,782
1,613
609,615,782
615
616
1,615
617
609,616,782
1,616
609,617,782
1,617
604,782
618
622
609,618,782
1,618
609,622,782
768,769
630
1,619
619
624
609,630,782
1,624
609,624,782
609,619,782
767,769
631
609,620,782
1,626
620
1,625
609,631,782
625
626
627
609,625,782
609,626,782
637
609,637,782
609,627,782
1,627
633
609,632,782
632
1,633
1,632
609,633,782
609,636,782
636
609,645,782
645
1,638
609,638,782
638
609,639,782
639
640
609,640,782
1,644
644
609,644,782
642
641
609,641,782
609,642,782
1,634
635
634
1,635
609,635,782
609,634,782
609,643,782
643
1,647
609,646,782
647
646
1,646
649
609,649,782
609,647,782
648
1,648
609,648,782
646,647
609,646,647,782
666
650
609,666,782
609,650,782
1,650
609,667,782
667
652
651
609,652,782
609,651,782
654
609,653,782
653
1,654
609,655,782
655
609,654,782
609,656,782
657
1,655
1,656
609,657,782
656
658
1,658
659
609,659,782
609,658,782
660
609,660,782
742
1,659
663
1,663
609,663,782
609,662,782
662
609,661,782
661
609,665,782
665
609,664,782
664
668
609,668,782
669
1,669
670
1,672
609,669,782
672
609,672,782
671
1,671
609,671,782
673
674
609,674,782
1,674
609,673,782
609,680,782
680
675
609,675,782
677
676
1,677
609,676,782
609,677,782
678
609,678,782
681
679
609,681,782
609,679,782
609,685,782
1,685
1,682
682
685
609,682,782
683
609,683,782
684
609,684,782
1,686
609,688,782
609,686,782
686
1,688
688
746
687
609,687,782
714
745,782
747
716
715
717
720,721,782
689
1,689
605,782
724
609,689,782
706,720,723,776
733
708,720,723,776
720,741
690
707,720,723,775
709,720,723,775
705,720,723,775
609,690,782
728
737
391,1
734
735
736
727
726
725
778
777
779
784,782
694
609,694,699,782
693
691,744
609,691,699,744,782
711,720,723,776
713,720,723,776
704,720,723,776
719,720,723,776
712,720,723,775
718,720,723,775
710,720,723,776
703,720,723,775
710,720,723,775
609,693,699,782
693,698
743,782
739
738
730
731
729
740
780
609,692,699,782
1,692
692
1,693
693,695,700
609,693,699,700,782
997,1
390,1
732
609,693,699,701,782
693,696,701
693,697,702
609,693,699,702,782